x: 0.2000000029802322
y: -2
z: -0.01371578872203827
roll: 0.05209363576214504
pitch: 0.02181138181785696
yaw: 0.1745329427670527