x: -0.1884990185499191
y: -0.5540739893913269
z: -0.25560662150383
roll: 0.6003063217128702
pitch: 0.1408365760885835
yaw: -0.3566627996638899
